 
Annual and Global Mean Dust Profile from a Ames Legacy MGCM Reference Simulation
Reference: Kahre et al (2023) DOI: 10.1016/j.icarus.2023.115561
---------------------------------------------------------------
 
   Alt (km) / Dust (#/cm^3) / Reff (um) / Glob Temp (K) / 45 S-45 N Temp (K)
 
      85.9130    2.65530e-05       0.514437        147.552        146.769
      82.6588    4.26018e-05       0.542787        148.480        147.110
      79.7820    6.53869e-05       0.564080        149.072        147.185
      76.9051    9.97856e-05       0.585365        149.176        146.864
      74.1858    0.000148267       0.604423        149.162        146.595
      71.3090    0.000227606       0.623040        149.256        146.505
      68.3876    0.000351229       0.637978        149.377        146.575
      65.5108    0.000553728       0.650058        149.607        146.839
      62.8872    0.000864562       0.657583        149.949        147.360
      59.6329     0.00160309       0.664159        150.625        148.400
      56.7561     0.00298234       0.674116        151.468        149.735
      53.8793     0.00588486       0.693185        152.615        151.448
      51.1600      0.0116268       0.733043        154.098        153.459
      48.2831      0.0239080       0.791789        155.883        155.801
      45.3618      0.0477440       0.869918        157.841        158.302
      42.4850      0.0892679       0.946493        159.862        160.876
      39.6332       0.153273        1.01861        161.977        163.590
      36.7188       0.251495        1.07978        164.246        166.448
      33.8561       0.389563        1.12719        166.634        169.388
      30.9792       0.585614        1.16458        169.319        172.576
      28.0866       0.860622        1.19417        172.362        176.127
      25.2216        1.22887        1.21927        175.942        180.183
      22.3359        1.73032        1.24272        179.929        184.700
      19.4591        2.39145        1.26771        184.308        189.597
      16.5848        3.27640        1.29504        189.113        194.967
      13.6930        4.47560        1.32664        194.173        200.581
      10.8302        6.09743        1.36293        198.545        205.516
      7.95338        8.38441        1.40681        202.061        209.571
      5.06786        11.7783        1.46606        205.133        212.975
      3.36472        14.6310        1.51382        206.400        213.701
      2.19578        16.9665        1.56540        206.508        213.971
